40    11007.856884383154    86600
41    3974.1055776225394    90680
42    780.2702223674521    49050
43    400.5692814171465    34650
44    2453.6432251505707    58760
45    384.72268027105014    23910
46    268.3000881974989    28910
47    172.4874400802898    23460
48    124.96499471717507    15160
49    88.7534669401311    13900
50    21.857393897353706    9500
51    22.023623081894232    3830
52    14.562978970801378    2070
53    1.5417635023109022    990
54    0.37247253417260134    340
55    1.0763008580892224    940

