"numbers of dynos"	"average queueing time"	    "numbers of queued requests" 
40			438.15341120972096	       7628
41     			336.471638483826   	     7119
42     			112.13631397265331 	       5532
43     			70.96734921998998  	      4184
44     			32.17919603013989  	      2820
45     			56.27257574941725  	      2993
46     			12.780991643594138 	       1731
47     			7.261837188891944  	      1233
48     			6.235244489909975  	      1012
49     			3.4677056253556167 	       616
50     			1.4248165747614832 	       378
51     			1.015162006900527  	      265
52     			0.4646912375277724 	       172
53     			0.2615217316787851 	       84
54     			0.0734013409576792 	       44
55     			0.4503291937509652 	       82
